
;;;      0  1  2  3  4  5  6  7     8  9  A  B  C  D  E  F
0000    01 46 09 01 03 00 0C 01     03 14 04 24 0B 01 42 17     ;
0010    02 08 00 02 01 00 03 13     01 42 03 07 00 1F 0D 01     ;
0020    00 17 01 60 18 01 08 19     01 2E 1C 01 00 1E 01 05     ;
0030    24 0B 01 00 00 00 00 00     00 07 00 01 00 04 02 00     ;
0040    13 02 0E 02 0A 06 0A 09     4D 43 48 50 20 42 4D 38     ;
0050    33 0C 01 01 05 01 00 04     05 02 01 5E 06 01 00 07     ;
0060    14 05 03 03 00 01 05 0B     01 00 03 0B 01 00 0D 02     ;
0070    00 12 01 04 3F 00 09 86     0D 0A 00 03 16 FF 40 F0     ;
0080    00 40 00 00 0E 01 00 C0     01 BE 01 00 00 1F 23 47     ;
0090    EB 5F 00 01 00 00 00 01     00 00 10 10 08 60 01 00     ;
00A0    00 1F 11 23 EB 5F 00 01     00 00 00 01 00 00 10 10     ;
00B0    08 60 01 00 00 1F 05 0B     EB 5F 00 01 00 00 00 01     ;
00C0    00 00 10 10 08 60 01 00     00 1F 05 0B EB 5F 00 01     ;

;;;      0  1  2  3  4  5  6  7     8  9  A  B  C  D  E  F
00D0    00 00 00 01 00 00 10 10     08 60 01 00 00 1F 05 05     ;
00E0    EB 5F 00 01 00 00 00 01     00 00 10 10 08 60 01 00     ;
00F0    00 1F 05 05 EB 5F 00 01     00 00 00 01 00 00 10 10     ;
0100    08 60 12 03 B9 1E 40 12     03 E9 06 40 11 03 F4 1E     ;
0110    40 12 03 E9 06 40 11 03     F4 1E 40 12 03 E9 06 40     ;
0120    01 00 00 1F 05 0B EB 5F     00 01 00 00 00 01 00 00     ;
0130    10 10 08 60 01 00 00 1F     05 0B EB 5F 00 01 00 00     ;
0140    00 01 00 00 10 10 08 60             ;
