
;;;      0  1  2  3  4  5  6  7     8  9  A  B  C  D  E  F
0000    01 47 07 01 02 00 07 0B     01 42 17 02 04 00 02 02     ;
0010    00 18 0B 13 4D 43 48 50     20 42 4D 38 33 20 4D 53     ;
0020    50 4B 32 76 31 2E 33 14     01 BF 03 05 00 19 17 01     ;
0030    60 1B 01 2F 1C 01 00 1E     01 05 24 0B 01 00 00 00     ;
0040    00 00 00 07 00 01 00 04     02 00 1D 02 18 02 0A 06     ;
0050    14 09 4D 43 48 50 20 42     4D 38 33 20 4D 53 50 4B     ;
0060    32 76 31 2E 33 0C 01 01     0B 01 00 03 0B 01 01 0D     ;
0070    02 00 12 01 04 3F 60 09     86 0D 0A 00 03 16 FF 40     ;
0080    F0 00 40 00 00 0E 01 00     C0 01 BE 00 00 00 1F 00     ;
0090    47 EB 1F 00 01 00 00 00     01 00 00 10 10 00 60 00     ;
00A0    00 00 1F 00 23 EB 1F 00     01 00 00 00 01 00 00 10     ;
00B0    10 00 60 00 00 00 1F 00     0B EB 1F 00 01 00 00 00     ;
00C0    01 00 00 10 10 00 60 00     00 00 1F 00 0B EB 1F 00     ;

;;;      0  1  2  3  4  5  6  7     8  9  A  B  C  D  E  F
00D0    01 00 00 00 01 00 00 10     10 00 60 00 00 00 1F 00     ;
00E0    05 EB 1F 00 01 00 00 00     01 00 00 10 10 00 60 00     ;
00F0    00 00 1F 00 05 EB 1F 00     01 00 00 00 01 00 00 10     ;
0100    10 00 60 12 03 E9 06 40     12 03 E9 06 40 11 03 F4     ;
0110    1E 40 12 03 E9 06 40 11     03 F4 1E 40 12 03 E9 06     ;
0120    40 00 00 00 1F 00 0B EB     1F 00 01 00 00 00 01 00     ;
0130    00 10 10 00 60 00 00 00     1F 00 0B EB 1F 00 01 00     ;
0140    00 00 01 00 00 10 10 00     60         ;
