
;;;      0  1  2  3  4  5  6  7     8  9  A  B  C  D  E  F
0000    00 83 09 01 04 00 0C 02     01 09 0B 01 42 0C 01 94     ;
0010    0D 01 40 02 01 00 03 12     01 41 03 08 00 22 0D 01     ;
0020    00 0F 01 00 19 01 2E 1B     01 40 1C 01 00 1D 01 83     ;
0030    1E 01 05 24 0B 06 00 00     00 00 00 00 07 00 01 00     ;
0040    04 02 00 13 02 0E 02 0A     06 0A 09 4D 43 48 50 20     ;
0050    42 4D 38 33 0C 01 01 05     02 00 07 05 02 01 5E 0A     ;
0060    01 6A 06 01 00 07 14 05     03 03 00 01 05 09 01 00     ;
0070    03 0B 01 01 0B 01 00 03     0B 01 00 0D 01 00 06 01     ;
0080    04 3F 00 09 84 ;

;;;default ini path:C:\Users\Jack\Desktop\IS2083 Software & Tools (v1.0.3)\Tools\Config Tool\IS208x_Config_Default_Table.ini
